0,307,308
1,308,282
2,282,46
3,46,222
4,222,59
5,59,58
6,58,128
7,128,463
8,463,428
9,428,462
10,462,461
11,461,254
12,254,460
13,460,86
14,86,459
15,459,458
16,458,457
17,457,456
18,456,455
19,455,454
20,454,453
21,453,452
22,452,252
23,252,251
24,251,451
25,451,450
26,450,449
27,449,417
28,417,727
29,727,728
30,728,585
31,585,434
32,434,729
33,729,238
34,238,730
35,730,624
36,624,623
37,623,731
38,731,732
39,732,628
40,628,649
41,649,625
42,625,733
43,733,277
44,277,418
45,418,419
46,419,278
47,278,568
48,568,569
49,569,570
50,570,571
51,571,268
52,268,331
53,331,367
54,424,260
55,260,423
56,423,226
57,226,124
58,124,422
59,422,90
60,90,421
61,421,44
62,44,121
63,121,547
64,547,548
65,548,549
66,549,550
67,550,551
68,551,552
69,552,553
70,553,554
71,554,248
72,248,143
73,143,247
74,247,246
75,246,245
76,245,555
77,555,243
78,243,175
79,175,556
80,556,557
81,557,242
82,242,173
83,173,276
84,276,401
85,401,402
86,402,403
87,403,404
88,404,405
89,405,406
90,406,407
91,407,408
92,408,409
93,409,410
94,410,237
95,237,411
96,411,412
97,412,413
98,413,414
99,414,415
100,415,416
101,416,417
102,449,389
103,389,734
104,734,735
105,735,108
106,108,82
107,82,335
108,335,736
109,736,737
110,737,52
111,52,392
112,392,205
113,205,123
114,123,393
115,393,202
116,202,318
117,318,319
118,319,395
119,395,200
120,200,203
121,203,204
122,204,607
123,607,606
124,606,471
125,471,455
126,428,427
127,427,426
128,426,425
129,425,261
130,261,227
131,227,262
132,262,263
133,263,424
134,217,120
135,120,57
136,57,225
137,225,127
138,127,424
139,450,521
140,521,520
141,520,519
142,519,400
143,400,399
144,399,398
145,398,397
146,397,396
147,396,203
148,200,199
149,199,63
150,63,62
151,62,61
152,58,221
153,221,464
154,464,283
155,283,307
156,307,465
157,465,466
158,466,467
159,467,363
160,363,362
161,362,361
162,361,360
163,360,207
164,207,596
165,596,595
166,595,594
167,594,593
168,593,592
169,592,493
170,493,494
171,418,173
172,413,435
173,435,436
174,436,437
175,437,250
176,250,438
177,438,235
178,235,439
179,439,440
180,440,441
181,441,442
182,442,443
183,443,605
184,605,604
185,604,603
186,603,575
187,575,602
188,602,601
189,601,577
190,577,424
191,217,338
192,338,600
193,600,285
194,285,305
195,305,599
196,599,598
197,598,102
198,102,597
199,597,360
200,566,567
201,567,589
202,589,64
203,64,83
204,83,590
205,590,77
206,77,146
207,146,129
208,129,591
209,591,151
210,151,74
211,74,314
212,314,131
213,131,527
214,527,40
215,40,351
216,351,93
217,93,528
218,528,206
219,206,529
220,529,530
221,530,508
222,508,73
223,73,150
224,150,524
225,524,148
226,148,525
227,525,320
228,320,526
229,526,309
230,309,558
231,558,559
232,559,560
233,560,145
234,145,144
235,144,503
236,503,491
237,491,490
238,490,344
239,344,489
240,489,488
241,488,487
242,487,486
243,486,355
244,355,356
245,356,357
246,357,358
247,358,359
248,359,360
249,41,40
250,145,561
251,561,562
252,562,492
253,492,491
254,82,81
255,81,80
256,80,334
257,334,335
258,649,402
259,173,172
260,172,370
261,370,371
262,371,372
263,372,174
264,174,244
265,244,373
266,373,374
267,318,317
268,317,394
269,394,201
270,201,608
271,608,204
272,406,623
273,585,586
274,586,391
275,391,390
276,390,326
277,326,325
278,325,333
279,333,366
280,366,55
281,55,126
282,126,269
283,269,365
284,365,125
285,125,56
286,56,321
287,321,366
288,547,378
289,378,377
290,377,376
291,376,375
292,375,553
293,493,484
294,314,510
295,510,132
296,132,54
297,54,41
298,41,352
299,352,94
300,94,312
301,312,509
302,509,530
303,363,364
304,364,485
305,485,513
306,513,514
307,514,308
308,59,515
309,515,516
310,516,429
311,429,87
312,87,517
313,517,518
314,518,471
315,471,400
316,400,454
317,454,609
318,609,610
319,610,611
320,611,612
321,612,613
322,613,614
323,614,579
324,579,580
325,580,236
326,236,581
327,581,249
328,249,582
329,582,583
330,378,379
331,379,380
332,380,381
333,381,382
334,382,210
335,210,383
336,383,384
337,384,385
338,385,386
339,386,387
340,387,388
341,388,294
342,294,298
343,298,720
344,720,718
345,718,531
346,531,353
347,353,354
348,354,337
349,337,355
350,592,705
351,484,497
352,497,498
353,498,499
354,499,500
355,500,501
356,87,86
357,583,584
358,584,414
359,484,567
360,501,502
361,502,491
362,718,719
363,719,299
364,299,293
365,293,534
366,534,535
367,535,536
368,536,537
369,537,538
370,538,539
371,539,540
372,540,211
373,211,541
374,541,542
375,542,543
376,543,544
377,544,545
378,545,546
379,546,420
380,420,547
381,357,738
382,738,739
383,739,358
384,553,644
385,494,495
386,495,344
387,238,237
388,443,468
389,468,469
390,469,470
391,470,455
392,472,510
393,509,311
394,311,508
395,143,142
396,142,374
397,174,175
398,434,433
399,433,432
400,432,431
401,431,430
402,430,390
403,585,414
404,107,108
405,142,375
406,705,706
407,131,132
408,94,93
409,129,130
410,130,152
411,152,75
412,75,473
413,473,313
414,313,314
415,443,579
416,275,578
417,578,16
418,16,69
419,69,14
420,14,11
421,11,50
422,50,157
423,157,270
424,270,228
425,228,234
426,234,572
427,572,367
428,413,434
429,367,233
430,233,229
431,229,271
432,271,156
433,156,49
434,49,368
435,368,13
436,13,369
437,369,18
438,18,275
439,391,327
440,327,322
441,322,325
442,552,376
443,294,293
444,594,619
445,619,618
446,618,617
447,617,489
448,355,350
449,350,349
450,349,348
451,348,99
452,99,347
453,347,346
454,346,303
455,303,288
456,288,289
457,289,290
458,290,291
459,291,292
460,292,293
461,146,147
462,352,351
463,309,496
464,496,506
465,506,505
466,505,504
467,504,144
468,429,428
469,379,420
470,289,302
471,302,301
472,301,300
473,594,620
474,620,621
475,621,104
476,104,105
477,105,106
478,106,710
479,710,711
480,711,712
481,712,713
482,713,714
483,714,715
484,715,716
485,716,708
486,708,709
487,709,592
488,322,323
489,323,274
490,274,366
491,321,324
492,324,274
493,200,201
494,489,616
495,616,39
496,39,71
497,71,533
498,533,532
499,532,353
500,408,624
501,294,295
502,295,20
503,20,21
504,21,22
505,22,23
506,23,24
507,24,25
508,25,26
509,26,184
510,184,185
511,185,186
512,186,187
513,187,188
514,188,189
515,189,190
516,190,191
517,191,192
518,192,193
519,193,194
520,194,195
521,195,196
522,196,197
523,197,198
524,198,6
525,6,7
526,7,650
527,650,651
528,651,652
529,652,653
530,653,654
531,654,655
532,655,656
533,656,657
534,657,658
535,658,659
536,659,660
537,660,661
538,661,662
539,662,663
540,663,664
541,664,665
542,665,666
543,666,667
544,667,668
545,668,669
546,669,15
547,15,670
548,670,671
549,671,672
550,672,673
551,673,674
552,674,675
553,675,676
554,676,677
555,677,678
556,678,679
557,679,680
558,680,573
559,573,681
560,681,682
561,682,683
562,683,684
563,684,685
564,685,686
565,686,687
566,687,688
567,688,689
568,689,690
569,690,691
570,691,692
571,692,1
572,5,8
573,8,169
574,169,170
575,170,122
576,122,171
577,171,9
578,9,110
579,110,111
580,111,112
581,112,98
582,98,113
583,113,114
584,114,115
585,115,116
586,116,117
587,117,118
588,118,47
589,47,66
590,66,3
591,3,33
592,33,67
593,67,68
594,68,176
595,176,296
596,296,297
597,297,298
598,211,210
599,419,627
600,627,626
601,626,625
602,147,475
603,475,474
604,474,130
605,521,389
606,484,483
607,483,482
608,482,65
609,65,481
610,481,480
611,480,84
612,84,479
613,479,478
614,478,477
615,477,78
616,78,476
617,476,147
618,152,151
619,75,74
620,578,137
621,18,19
622,19,12
623,12,328
624,328,329
625,329,330
626,330,51
627,51,153
628,153,273
629,273,231
630,231,232
631,232,264
632,264,331
633,565,564
634,564,563
635,563,492
636,221,222
637,285,286
638,286,287
639,287,288
640,467,485
641,158,157
642,157,156
643,156,155
644,155,154
645,154,272
646,272,273
647,231,230
648,10,11
649,11,368
650,368,699
651,699,698
652,698,629
653,629,697
654,697,329
655,329,630
656,630,163
657,163,164
658,164,165
659,165,166
660,166,167
661,167,168
662,168,5
663,239,252
664,270,2
665,277,276
666,104,76
667,76,622
668,622,511
669,511,209
670,209,363
671,283,284
672,284,285
673,65,64
674,511,446
675,446,447
676,447,448
677,448,364
678,242,241
679,601,647
680,647,704
681,704,576
682,576,423
683,260,259
684,259,258
685,258,224
686,224,225
687,706,707
688,84,83
689,269,95
690,95,70
691,70,367
692,254,253
693,253,255
694,255,256
695,256,257
696,257,426
697,282,283
698,278,279
699,279,280
700,280,281
701,281,172
702,337,336
703,304,303
704,694,695
705,695,696
706,696,693
707,693,611
708,38,723
709,723,310
710,310,523
711,523,724
712,724,722
713,722,72
714,72,721
715,721,149
716,149,34
717,34,35
718,35,36
719,36,37
720,37,179
721,179,180
722,180,178
723,178,177
724,177,181
725,181,182
726,182,183
727,183,25
728,26,27
729,27,28
730,28,29
731,29,30
732,30,31
733,31,32
734,32,725
735,725,635
736,635,636
737,636,637
738,637,638
739,638,639
740,639,640
741,640,641
742,323,333
743,574,119
744,119,512
745,512,79
746,79,85
747,85,507
748,507,444
749,444,445
750,445,97
751,97,446
752,338,339
753,339,726
754,726,600
755,446,717
756,222,223
757,223,60
758,60,59
759,207,208
760,208,209
761,16,17
762,17,18
763,244,243
764,265,266
765,266,267
766,267,268
767,300,299
768,299,298
769,281,418
770,577,576
771,634,161
772,161,160
773,160,133
774,133,96
775,96,159
776,159,134
777,134,88
778,88,135
779,135,136
780,136,138
781,138,139
782,139,140
783,140,141
784,141,142
785,582,437
786,102,101
787,101,100
788,100,99
789,508,522
790,522,523
791,523,316
792,316,315
793,579,442
794,288,345
795,345,340
796,340,341
797,341,92
798,92,342
799,342,43
800,43,42
801,42,45
802,45,212
803,212,91
804,91,89
805,89,213
806,213,214
807,214,53
808,53,215
809,215,216
810,216,217
811,217,103
812,103,218
813,218,219
814,219,220
815,220,221
816,55,56
817,567,483
818,331,332
819,240,239
820,604,702
821,702,648
822,648,701
823,701,700
824,700,645
825,645,646
826,646,703
827,703,647
828,77,78
829,344,343
830,306,305
831,98,48
832,48,109
833,109,4
834,4,587
835,587,588
836,588,633
837,633,162
838,162,631
839,631,632
840,632,635
841,641,642
842,642,643
843,643,379
844,615,484
